"matrix.NA..nrow...531..ncol...1."
0.828898161649704
0.801480636000633
0.776271268725395
0.757831022143364
0.561982274055481
0.697720021009445
0.776796773076057
0.6974778175354
0.774023920297623
0.709828436374664
0.776087254285812
0.717193484306335
0.755009636282921
0.690458059310913
0.6695456802845
0.701647311449051
0.760475799441338
0.555223226547241
0.561653256416321
0.503335297107697
0.582570552825928
0.693763375282288
0.736990123987198
0.618736982345581
0.49153745174408
0.467688679695129
0.3836390376091
0.605571627616882
0.642547070980072
0.521747410297394
0.531007945537567
0.527940005064011
0.622094750404358
0.483589291572571
0.572472304105759
0.742854297161102
0.63484138250351
0.685998886823654
0.728883594274521
0.401529729366302
0.453217506408691
0.625176668167114
0.402832448482513
0.63494873046875
0.429595291614532
0.533721834421158
0.519991278648376
0.506628662347794
0.640945345163345
0.702487170696259
0.725492626428604
0.711450785398483
0.64318436384201
0.484368920326233
0.759081721305847
0.600988328456879
0.631408870220184
0.5864197909832
0.546345382928848
0.618461757898331
0.401093006134033
0.600652754306793
0.612457424402237
0.485579431056976
0.458448708057404
0.476071715354919
0.575425565242767
0.695719212293625
0.579533010721207
0.71134352684021
0.54067662358284
0.510015487670898
0.592947691679001
0.40200012922287
0.605420410633087
0.507289201021194
0.617835134267807
0.522261083126068
0.640289068222046
0.454323709011078
0.597942262887955
0.731473475694656
0.629331052303314
0.630863964557648
0.646796971559525
0.716801017522812
0.666334569454193
0.711805373430252
0.501391232013702
0.483026027679443
0.592543423175812
0.465969622135162
0.49787312746048
0.646907955408096
0.734730631113052
0.607065171003342
0.526429772377014
0.635351687669754
0.489322066307068
0.650762110948563
0.518408000469208
0.6200270652771
0.603341281414032
0.561326712369919
0.608009517192841
0.69959631562233
0.594173431396484
0.571318864822388
0.40904039144516
0.510649472475052
0.679768472909927
0.647910863161087
0.678936034440994
0.641138851642609
0.612363576889038
0.581817328929901
0.513415396213531
0.558389365673065
0.502076208591461
0.573572874069214
0.591187864542007
0.603053390979767
0.644911020994186
0.431848704814911
0.663055211305618
0.700449854135513
0.445141851902008
0.660182029008865
0.483193933963776
0.679669290781021
0.728374361991882
0.618173897266388
0.741352468729019
0.762358143925667
0.655408620834351
0.504463344812393
0.580898284912109
0.636747449636459
0.536845743656158
0.621130496263504
0.764052242040634
0.556608706712723
0.503246515989304
0.412122428417206
0.558030188083649
0.62930566072464
0.791308790445328
0.768630459904671
0.762164562940598
0.611636996269226
0.786278009414673
0.700884848833084
0.680108726024628
0.363482713699341
0.522829651832581
0.605162084102631
0.743580788373947
0.659644097089767
0.600625306367874
0.725898712873459
0.748899906873703
0.655733942985535
0.497090339660645
0.737122803926468
0.800499826669693
0.744563609361649
0.765092864632607
0.793977081775665
0.801262840628624
0.730850756168365
0.798175856471062
0.628381729125977
0.591260254383087
0.723757177591324
0.755486875772476
0.693986833095551
0.873272389173508
0.73977467417717
0.687897831201553
0.783977910876274
0.69569805264473
0.728347450494766
0.623580366373062
0.670947372913361
0.765103340148926
0.781080827116966
0.625056445598602
0.442579209804535
0.600246101617813
0.781634539365768
0.669818699359894
0.61223840713501
0.227797567844391
0.646785855293274
0.363407492637634
0.620228320360184
0.703688949346542
0.497847199440002
0.465668976306915
0.754661306738853
0.741954177618027
0.664644986391068
0.729897737503052
0.593346118927002
0.658344984054565
0.655375212430954
0.612424910068512
0.235665678977966
0.727238833904266
0.813377901911736
0.724227458238602
0.652445137500763
0.706547945737839
0.630482465028763
0.653523802757263
0.677191585302353
0.647938281297684
0.796362802386284
0.785420075058937
0.695446819067001
0.439258337020874
0.660159826278687
0.664802432060242
0.600856900215149
0.56549534201622
0.800088331103325
0.704635113477707
0.601087808609009
0.698971480131149
0.60435163974762
0.651662439107895
0.598079025745392
0.703760236501694
0.489203035831451
0.610630571842194
0.677758872509003
0.50768107175827
0.517263531684875
0.656039237976074
0.471376776695251
0.582004219293594
0.694694221019745
0.537824958562851
0.658382922410965
0.72299537062645
0.791571393609047
0.718171805143356
0.731778115034103
0.774266213178635
0.600701630115509
0.618312060832977
0.382863879203796
0.707274258136749
0.701137453317642
0.545035570859909
0.322244465351105
0.330481648445129
0.329192459583282
0.399997591972351
0.439733922481537
0.428590834140778
0.68120613694191
0.655408769845963
0.223421931266785
0.65521514415741
0.701731741428375
0.684149622917175
0.699317544698715
0.717373311519623
0.582513123750687
0.634267628192902
0.775461450219154
0.566307097673416
0.70676726102829
0.582617074251175
0.72397193312645
0.600480526685715
0.761445939540863
0.611004263162613
0.698185086250305
0.489159107208252
0.624105393886566
0.60430970788002
0.305762052536011
0.537674784660339
0.71803891658783
0.718442410230637
0.21986985206604
0.358752429485321
0.849227547645569
0.725591748952866
0.712554395198822
0.754907369613647
0.783142000436783
0.717720121145248
0.572786748409271
0.207026302814484
0.173487067222595
0.125480592250824
0.159466147422791
0.19944816827774
0.70801255106926
0.318163156509399
0.38789039850235
0.457840025424957
0.425659775733948
0.60524046421051
0.16814798116684
0.305487155914307
0.431935727596283
0.287340641021729
0.714239537715912
0.788886204361916
0.827684536576271
0.791364118456841
0.734118491411209
0.464435338973999
0.455889880657196
0.628118574619293
0.153956353664398
0.311374068260193
0.683974385261536
0.492535889148712
0.23527717590332
0.598810613155365
0.577823221683502
0.317076921463013
0.449433386325836
0.575597673654556
0.696879416704178
0.67435085773468
0.568188548088074
0.479366064071655
0.621422588825226
0.66158527135849
0.753494679927826
0.7088762819767
0.608515739440918
0.60279169678688
0.331391453742981
0.668809771537781
0.825837463140488
0.360489189624786
0.634035527706146
0.374897062778473
0.434221565723419
0.682901203632355
0.474791705608368
0.477648675441742
0.587737590074539
0.598829984664917
0.742984086275101
0.464881777763367
0.198598504066467
0.231402575969696
0.471774995326996
0.627811938524246
0.428234100341797
0.688829302787781
0.714973390102386
0.657034486532211
0.346493065357208
0.605809718370438
0.641804575920105
0.610597372055054
0.661370784044266
0.0527117848396301
0.233736574649811
0.27753347158432
0.282640218734741
0.211420357227325
0.171857357025146
0.497314214706421
0.12767893075943
0.436935603618622
0.322018146514893
0.486459970474243
0.476484417915344
0.0738717913627625
0.448532938957214
0.431019842624664
0.244163632392883
0.107516705989838
0.445393443107605
0.297612726688385
0.0820877552032471
0.0964165925979614
0.237872242927551
0.126089096069336
0.110294997692108
0.128289461135864
0.00214850902557373
0.64204815030098
0.749028980731964
0.556728541851044
0.622632443904877
0.591397494077682
0.606611460447311
0.502112030982971
0.847749054431915
0.855759367346764
0.73252147436142
0.815486535429955
0.815208703279495
0.772711738944054
0.781526416540146
0.80181285738945
0.822303220629692
0.739226311445236
0.753561452031136
-1.44229650497437
0.600758463144302
0.649835139513016
0.295877039432526
0.212837934494019
0.23907881975174
0.154934585094452
0.17989194393158
0.18518990278244
0.596864968538284
0.416601777076721
0.450040578842163
0.482746481895447
0.321618139743805
0.400030374526978
0.428965270519257
0.172017991542816
0.236247539520264
0.576006591320038
0.414647459983826
0.73368164896965
0.758411929011345
0.662090361118317
0.867097809910774
0.87789948284626
0.505826205015182
0.743078678846359
0.89336246997118
0.833021923899651
0.748204797506332
0.575321882963181
0.694594949483871
0.675539582967758
0.728381514549255
0.72161191701889
0.671230316162109
0.712033450603485
0.723249793052673
0.831647366285324
0.725893974304199
0.749880373477936
0.898869223892689
0.694828361272812
0.755059882998466
0.796263799071312
0.743058055639267
0.560001939535141
0.716343909502029
0.729029715061188
0.821561008691788
0.779012352228165
0.761532098054886
0.722566187381744
0.64081084728241
0.647196620702744
0.842024087905884
0.68806517124176
0.770328849554062
0.801806598901749
0.645925134420395
0.788224637508392
0.680241733789444
0.778890341520309
0.699275285005569
0.591271877288818
0.814805820584297
0.726288259029388
0.629743009805679
0.712759882211685
0.729888200759888
0.786975786089897
0.777773335576057
0.76638574898243
0.787095308303833
0.852397844195366
0.709938853979111
0.854975208640099
0.762440845370293
0.835232004523277
0.818635419011116
0.872980043292046
0.828437075018883
0.855142056941986
0.798771798610687
0.921146430075169
0.832478865981102
0.868767186999321
0.802442103624344
0.867422014474869
0.838796809315681
0.802017569541931
0.846524596214294
0.826980710029602
0.555266141891479
0.871634617447853
0.424362123012543
0.49720960855484
0.482921719551086
0.741446495056152
0.68370109796524
0.383772373199463
0.5560602247715
0.673578083515167
0.797686412930489
0.75933663547039
0.793394446372986
0.58331024646759
0.782386928796768
0.627813667058945
0.809176206588745
0.747632533311844
0.747761815786362
0.794541582465172
0.757614120841026
0.730614870786667
0.756277099251747
0.763374999165535
0.702454954385757
0.815830543637276
0.775624006986618
0.870668292045593
