"matrix.NA..nrow...531..ncol...1."
0.796094248392198
0.807723122961903
0.790426387917167
0.814381587313905
0.559225677743811
0.642247598622246
0.770806345006555
0.763117294043059
0.70050063599289
0.82367281819855
0.762768534805007
0.694633469655326
0.764324699073331
0.652977480413302
0.700375878660144
0.696135803192881
0.777411947169481
0.5971818811881
0.607298230160115
0.570398965925257
0.651558312788723
0.72892535820698
0.777815550291167
0.674886916536695
0.580549270013671
0.506885369313185
0.530638649323385
0.664721358026775
0.714113552382988
0.625339219134099
0.589283513717752
0.550427090127496
0.759979038368564
0.504071418061668
0.601248469224229
0.776257651284708
0.799396711531635
0.745562916375094
0.777634079976783
0.372143327390689
0.563750717916349
0.724075393619297
0.445568048287623
0.702007921219462
0.46802626527409
0.634691855813391
0.736705678233536
0.731957649484732
0.691967063469507
0.801029470121685
0.798998699955152
0.749403133588039
0.716465053812214
0.682765191617591
0.734289008456563
0.46051019302794
0.700902941561864
0.759963842765807
0.618357824726697
0.666046787533762
0.442567777023474
0.731593909111207
0.715966598577455
0.620558115495339
0.502759675466388
0.518717203491751
0.518890387042341
0.718916042258013
0.622350088175628
0.694521336400693
0.545758779939492
0.676381295667005
0.555606007509126
0.508969758197731
0.601438420191842
0.656073699559411
0.7546364638203
0.582047595633646
0.742296310039281
0.665158547239193
0.679735085511
0.777671969702585
0.582440652154241
0.701528909201212
0.707388607273171
0.793554636999937
0.706894113468474
0.811546225189058
0.614096105360813
0.442054072764363
0.665713570609635
0.512417697696839
NA
0.708428350366829
0.807918874434355
0.687923562137723
0.581091999239014
0.694409090946547
0.539598667002982
0.600455582435734
0.504948224122103
0.674807083439111
0.64602192715764
0.582427203282366
0.621232389812617
0.755256907529275
0.699126213594433
0.723585044494342
0.445294520282309
0.586706832968984
0.795418430140983
0.654723561228681
0.738210866221089
0.655360441837583
0.666811484402883
0.6397052647125
0.55536044309931
0.612112881125741
0.70812779456541
0.69988750012489
0.720355038493897
0.711522852881689
0.761733932981924
0.612458728688838
0.767675391737375
0.763846938415373
0.475047318073403
0.696040771204687
0.593863175010783
0.543468062525907
0.707862359372056
0.744462078605842
0.742901539191916
0.796829209759086
0.849718463320081
0.678668876677066
0.760702140259893
0.837740227389873
0.327329374937715
0.713104526731456
0.657153899980228
0.617782603556646
0.669277816475687
0.579573385343544
0.733489091974674
0.71140911479067
0.839700618074832
0.765394592161775
0.799220327789735
0.643801869920964
0.812783377966909
0.789013715597355
0.753757362528595
0.40893284885259
0.54749312620684
0.664331255703081
0.757069397053056
0.82511776486553
0.549724293773421
0.782117726627267
0.821286107591079
0.740276344073808
0.542916340863744
0.822290672927291
0.858105102430495
0.803016832259489
0.651135779499629
0.830941867390678
0.846556456768093
0.789800478826249
0.862473450721172
0.583618462209691
0.588438185085679
0.707325887950878
0.704862858207466
0.671265169704562
0.778957834628683
0.178566982753625
0.581760586262206
0.465025349995651
0.71057149198256
0.816498648713529
0.612869506019351
0.200438551441432
0.566919291567628
0.57633876099737
0.410019792588786
0.561867958211597
0.570870909346544
0.837922511062897
0.826899996273177
0.7300059412163
0.674596464146912
0.712836524735679
0.451147393796478
0.60454609696265
0.71136201438775
0.589075675968506
0.553021040951449
0.723199408563377
0.733734257476869
0.734127129750983
0.709738849468416
0.562654469595743
0.700453050028121
0.750628094279399
0.687651891969577
0.311323739263445
0.792048326713964
0.781977680526343
0.694653979915837
0.461839522523557
0.596472257404277
0.688047658500085
0.785406166114436
0.751393156992153
0.718146606819254
0.747956100313558
0.790992524071179
0.667133587741447
0.412696788651826
0.715791182709256
0.742760179942119
0.752334272231417
0.580735014906163
0.835113378966024
0.80512366202822
0.653937297723501
0.735987662752304
0.666644385482179
0.83003239929805
0.623705132835016
0.845381831447977
0.613359429792309
0.684522375791612
0.749947994905114
0.553724081044941
0.623643003935634
0.648961155417474
0.568171817446483
0.51163655637082
0.714739335472003
0.609705882883764
0.710629131040518
0.787730918586721
0.87268996591235
0.775780450054216
0.723868645378888
0.820980658922903
0.625478216838205
0.795208021495625
0.356826115890075
0.706449485567475
0.731521330028626
0.67567763153895
0.486705306018289
0.523069837303508
0.458542101624901
0.376519998351753
0.464055745895542
0.652060449013352
0.678711945518252
0.624981374126517
0.509629614023574
0.495876102699405
0.753200414686431
0.773106287896989
0.746074322382809
0.694328466896141
0.770310318412351
0.731001019396267
0.826547828171312
0.635255663823552
0.790546762245121
0.67142399464494
0.678206417637022
0.701959477761467
0.834803200764681
0.710863362317177
0.792992196473498
0.631831934050336
0.757989379683326
0.715778051742112
0.6752901750321
0.631705118315838
0.626115717602426
0.776792040764817
0.455599290395756
-18.2538851483259
0.829441067019654
0.76504376924915
0.527182063573685
0.743830870820207
0.827764416269993
0.637655263065868
0.674723782448215
-0.334523990688439
0.265131544192804
-0.223337194316166
0.354910256027529
0.386942911608508
0.735270762017149
0.470647088572456
0.0852430406067103
0.387679945576247
0.16020611559864
0.00501617430019563
0.463472774203875
-0.135777613925077
-0.256634935880536
0.256832939112414
0.831948390846789
0.833112618806191
0.907818098305508
0.787288868906033
0.77602877240488
0.546899925414585
0.558473112328712
0.612591137210314
0.196624351008511
0.581775799608564
0.492872515847789
0.653989292526483
0.154946863715189
0.570381735506493
0.627157296883142
0.430859327143476
0.656070096012094
0.790024496196015
0.557114900870397
0.736937107152173
0.724159382346678
0.783939939128468
0.793277027341976
0.526740660573898
0.773412095022622
0.626440356674193
0.547853758246761
0.85964871643022
0.480026155140586
0.788509641826249
0.825160472567112
-0.731570468600872
0.740339612422511
0.696395154694304
0.57104353040759
0.725832704785487
0.544065264874902
0.597891006785879
0.752439067876458
-0.145431619820892
0.82856356418944
0.773497680994864
-0.0367694722121945
-0.174583756429773
0.448250270317543
0.25881563357879
0.388833777971969
0.702228918696101
0.834986144363669
0.756530906435452
0.703400104975901
NA
0.576405413404809
0.564817277959936
0.580162093569187
0.417631228839741
0.435969352243007
0.480051467329487
0.588975287033544
0.454498744874445
0.333214575611671
0.662727534215595
0.246905144819556
0.585455078791843
0.435687566073504
0.624774616509514
0.605045317071704
0.139382718166134
0.681322274351136
0.573429890596372
0.525952826131999
0.584932154489143
0.712316407893972
0.474725850627805
0.17438322963597
0.224693824557472
0.190267413350852
0.223847697498742
0.386833909583438
0.420516350451714
0.307612258263115
0.780709113367514
0.752680253029877
0.803621363423582
0.315613673421629
0.803113198840131
0.69314021677252
0.27575722709796
0.578077620660945
0.879841180477074
0.549088181762957
0.864897017355518
0.862356957486067
0.817339391144139
0.854353577032602
0.88288647921632
0.906817374892986
0.809317763738423
0.832536119629524
-8.00366376286743
0.63042018565302
0.815970223511526
0.814357087078191
-0.364252190392909
-1.06467937297745
0.22766115336318
-1.07254532929346
0.194136828714781
0.316593063655353
0.463134891020679
0.734571726529907
0.382039071949169
0.329220119458695
0.522116131291996
0.559166922398706
0.152859523367591
0.377493617914112
0.825203808968138
0.724004476871653
0.736249180482484
0.814200248441967
0.63104655716048
0.87656077000934
0.880061458762749
0.542006378677687
0.811123374847304
0.912317201533219
0.820832599484604
0.738774545800694
0.551255419615532
0.693604261683137
0.663658728004014
0.765746862290344
0.705934543794201
0.651771313015314
0.744298712955143
0.782097583220109
0.854550954796329
0.726539668283688
0.766334247583089
0.911003189415539
0.685104226023151
0.736806567208674
0.774736894492137
0.714748162410667
0.517080220893427
0.700753343019028
0.691492150342534
0.802338706786632
0.755417331122869
0.678577044783908
0.803376723081381
0.637647853835465
0.804211423659615
0.860979685774842
0.721300405997455
0.850043346209306
0.79382482879155
0.880120413722414
0.907355451877491
0.727628918954381
0.824944981420667
0.664587848886074
0.738559540306674
0.847231235220623
0.738899276315444
0.531118704640436
0.68137166606718
0.789653089289699
0.799361838122963
0.808691724244909
0.809549424022957
0.806306154193931
0.846196322143976
0.70709302689105
0.865181921524999
0.7799503716886
0.834482707414795
0.830714905359844
0.875685851107133
0.771085802386208
0.877259212187975
0.868239973088018
0.921497184901045
0.841022640981616
0.844262855678991
0.637174926113686
0.818633943322047
0.790210134106561
0.794338659880911
0.853637294074429
0.805294264629883
0.590619703769213
0.866387435556762
0.648893219846874
0.696644013640705
0.568340198794219
0.624076575812062
0.687495129874242
0.415668365705498
0.270074938675082
0.439196125861515
0.827335637961268
0.849218419258458
0.810341889676705
0.648955999777733
0.790029772522547
0.596691247715412
0.885315896328669
0.684507522741041
0.69415792031864
0.781872347358189
0.742940454679393
0.708793123997393
0.756229384346037
0.757381987925836
0.698150275008319
0.773448604701297
0.754933802838523
0.880594421651344
