"matrix.NA..nrow...531..ncol...1."
0.821383640170097
0.851723611354828
0.820301979780197
0.795529186725616
0.600640565156937
0.713158547878265
0.840572267770767
0.72601506114006
0.781787917017937
0.778146177530289
0.787655666470528
0.729311257600784
0.774130553007126
0.696040868759155
0.739567309617996
0.733945220708847
0.794608041644096
0.600052237510681
0.610626935958862
0.541687905788422
0.626277774572372
NA
0.745205491781235
0.68890181183815
0.557315587997437
NA
0.514793872833252
0.66996043920517
0.713588327169418
0.61046302318573
0.595159888267517
0.556588172912598
0.72204002737999
NA
0.62104544043541
0.782301276922226
0.688416630029678
0.720962584018707
0.766154617071152
0.543699473142624
0.520269304513931
0.688681215047836
0.452111303806305
0.691587567329407
0.508036136627197
NA
0.635122150182724
0.576155453920364
0.706106394529343
0.772527188062668
0.789732068777084
0.775339692831039
0.691325128078461
0.588916659355164
0.786875486373901
0.695331901311874
0.711927950382233
0.687272161245346
0.605601906776428
0.663350582122803
0.44562166929245
0.693934261798859
0.690908819437027
0.545542508363724
NA
0.559664160013199
NA
0.741143882274628
0.659417629241943
0.740016043186188
0.598459422588348
0.614387273788452
0.644126176834106
0.481834590435028
0.647866517305374
0.605325698852539
0.749587744474411
0.611524343490601
0.747756630182266
0.580356895923615
NA
0.806725233793259
0.68023094534874
0.729850679636002
0.709362685680389
0.795472174882889
0.738492995500565
0.816118344664574
0.560399562120438
0.529058367013931
0.642827242612839
0.507121592760086
0.622153639793396
0.750749051570892
0.807222470641136
0.698054015636444
0.591183483600616
0.704162746667862
0.566745638847351
0.686389535665512
0.597228646278381
0.643707573413849
0.634381920099258
0.608283668756485
0.655714988708496
0.772041544318199
0.767403081059456
0.658243864774704
NA
0.545531004667282
0.762497127056122
0.664485663175583
0.744180291891098
0.675357729196548
0.652475953102112
0.638868659734726
0.55982306599617
0.633719503879547
NA
NA
0.67354416847229
0.647670090198517
0.699965268373489
0.490260422229767
0.664838641881943
0.709189683198929
NA
NA
NA
0.59925103187561
0.737457394599915
NA
NA
0.808983862400055
0.727044552564621
0.559346407651901
0.709551841020584
0.800346985459328
0.546213746070862
0.685146868228912
0.764344900846481
0.603069245815277
0.569718331098557
0.487298369407654
0.66375344991684
0.685258477926254
NA
0.83130618929863
NA
0.696584641933441
0.826503068208694
0.776645556092262
0.730943858623505
0.420623779296875
NA
0.659734964370728
NA
NA
0.61088564991951
0.795780643820763
0.808721169829369
NA
0.545407056808472
0.80453485250473
0.867553398013115
0.81622488796711
0.770215600728989
0.837628424167633
0.83508425951004
0.77660408616066
0.842259034514427
0.669679969549179
0.65019303560257
0.744523495435715
0.809911772608757
0.700635135173798
0.873901233077049
0.605568647384644
0.691989690065384
0.754654094576836
0.771183460950851
NA
0.646325290203094
NA
0.760312214493752
0.733833432197571
0.698609203100204
0.570253759622574
0.658797830343246
0.8368910998106
0.790117397904396
0.723413676023483
NA
0.720217883586884
NA
0.690358698368073
0.761825948953629
0.662432640790939
0.52634608745575
0.773655727505684
0.795652568340302
0.739584982395172
0.739363074302673
0.589966654777527
0.696589946746826
0.720819890499115
0.662965208292007
0.267041027545929
NA
0.831113219261169
0.743157356977463
0.645068556070328
0.705553740262985
0.692188322544098
0.749547451734543
0.766025021672249
0.754603177309036
0.800529807806015
0.794789835810661
0.725475251674652
0.460415065288544
0.741163074970245
0.74622243642807
0.716375201940536
0.59721639752388
0.839419588446617
0.730090737342834
0.65973624587059
NA
0.672330468893051
0.758186161518097
0.647666841745377
0.773787215352058
0.57488676905632
0.653932005167007
0.681433439254761
0.520618617534637
0.540405452251434
0.672361642122269
0.477031707763672
0.646900504827499
0.743125796318054
0.578795075416565
0.712023437023163
0.768618375062943
0.821630492806435
0.734320193529129
0.719333380460739
0.821447789669037
0.653936237096786
0.68221178650856
0.416513442993164
0.765912681818008
0.763410925865173
0.650287240743637
0.34934675693512
0.471335709095001
0.458454370498657
0.467512428760529
0.543996512889862
0.521604657173157
0.702691435813904
0.722381114959717
NA
0.753217965364456
0.766516104340553
0.753476157784462
0.760753095149994
0.773736998438835
0.665001183748245
0.711192458868027
0.844096481800079
0.594935178756714
0.783529236912727
0.63733372092247
0.75835707783699
NA
0.7978355884552
0.685501098632812
0.759743571281433
0.504276394844055
NA
0.714310199022293
NA
0.627434283494949
0.735771954059601
0.774930581450462
0.38758373260498
0.388147175312042
NA
0.766583114862442
0.741162955760956
0.818251624703407
0.864140257239342
NA
0.689533174037933
0.331167817115784
0.287035644054413
0.224725425243378
0.246681213378906
0.292596995830536
0.753256157040596
0.368858456611633
0.455775558948517
0.495854616165161
NA
0.582012802362442
0.272917151451111
0.430591762065887
NA
0.328585922718048
0.83984662592411
0.748590916395187
0.892523877322674
0.865479230880737
0.810189738869667
0.558127164840698
0.525311231613159
0.653746217489243
0.165446937084198
0.497358918190002
0.607513666152954
0.56737208366394
0.260156035423279
0.596990585327148
0.63211578130722
0.367185771465302
0.516272336244583
0.690813690423965
0.756924599409103
NA
0.634429603815079
0.52610257267952
0.663437902927399
0.661336034536362
0.789894536137581
0.786468535661697
0.66680508852005
0.677894324064255
0.375287532806396
0.707078248262405
0.873783364892006
0.555075347423553
0.693743705749512
0.453553259372711
0.498294532299042
0.745703518390656
0.540223181247711
0.542768150568008
0.667104125022888
0.672419548034668
0.792341336607933
NA
0.237369120121002
0.196933150291443
0.524103343486786
0.588395535945892
0.449128806591034
0.71048304438591
0.829800948500633
0.720485121011734
NA
0.635203927755356
0.640547037124634
0.622685998678207
NA
0.127348303794861
0.491509974002838
0.420711576938629
0.382653713226318
0.312080502510071
0.210237979888916
0.638238519430161
0.164168953895569
0.51792123913765
0.366774678230286
0.534204244613647
0.589684724807739
0.092862069606781
0.51046621799469
0.444875538349152
0.349361062049866
NA
0.526277661323547
0.33689159154892
0.0999262928962708
0.126806616783142
0.26898467540741
0.158864736557007
0.193439722061157
0.154413163661957
-0.00472581386566162
0.813222765922546
0.8198531717062
0.862930253148079
0.506274491548538
0.824544072151184
0.813310086727142
0.444964170455933
0.820843607187271
0.926094681024551
0.813542068004608
0.892025373876095
0.874380812048912
0.8378566801548
0.836714074015617
0.915773309767246
NA
0.821097120642662
0.878911942243576
-2.01570844650269
0.741599559783936
0.823591411113739
NA
0.0253145098686218
0.574794799089432
0.18408727645874
NA
NA
0.644547551870346
0.591254204511642
0.503281861543655
0.552944749593735
0.501722604036331
0.430019199848175
0.43662828207016
NA
0.272650957107544
0.810526043176651
0.778536826372147
0.77662019431591
0.814210698008537
0.699103951454163
0.875836461782455
0.884824149310589
0.513565093278885
0.746866554021835
0.9055250659585
0.829850479960442
0.756510958075523
0.559625208377838
0.682709693908691
0.675721287727356
0.749691426753998
0.738644778728485
0.693664968013763
0.754242241382599
0.766058966517448
0.856290966272354
NA
NA
0.918250843882561
0.701424360275269
0.759322270750999
0.805022493004799
0.754719242453575
0.589394986629486
0.756731480360031
NA
NA
NA
NA
0.803042247891426
0.668869107961655
0.752945199608803
0.859914511442184
0.810500413179398
0.880031660199165
0.86363597214222
0.889944680035114
0.906248964369297
0.75918784737587
0.844735637307167
0.716806411743164
0.747193902730942
0.860593974590302
0.782756984233856
NA
0.739715456962585
0.774352729320526
0.801203146576881
0.800004422664642
0.785724684596062
0.802834331989288
0.868969261646271
0.74530503153801
0.859865799546242
0.791511565446854
0.850620597600937
0.847863957285881
NA
NA
0.874835908412933
0.833368688821793
0.918867349624634
NA
0.850231289863586
NA
0.857604116201401
NA
0.801891535520554
0.857124477624893
0.81429660320282
NA
0.880969688296318
0.489202976226807
0.576085269451141
0.587062656879425
0.666213691234589
0.705719858407974
0.448142945766449
0.560755699872971
0.724611937999725
0.843541368842125
0.879165649414062
0.839507475495338
0.668402791023254
0.834910213947296
0.642553329467773
0.857099905610085
0.736280530691147
0.707828044891357
0.790321469306946
0.729516476392746
0.696562469005585
0.753878116607666
0.745004504919052
0.683997601270676
0.809178084135056
0.782015025615692
0.874617010354996
