0.7360414819943413
0.7571536131231148
0.725937439147139
0.742007998202436
0.49553082794949965
0.5784769696434242
0.7492718698309864
0.7430261710366517
0.6875547863930772
0.7915829673785539
0.7265436608719015
0.6197691595314195
0.709610961661443
0.6300417644173921
0.6689293303106987
0.6644893801495192
0.7249502350493635
0.5619129749495388
0.5684953180474668
0.5325684374798404
0.6127273741198733
0.7040830750773104
0.7213133378795651
0.6296845192422038
0.5580480237075409
0.5113850197299835
0.5181948707165556
0.638096550743467
0.6058141917130051
0.6105033633218168
0.5609447921315556
0.5800735163900355
0.7357141506009146
0.48420899851507426
0.566135279877732
0.7564208795759784
0.7760918120900804
0.7165680883158917
0.7455850262899051
0.1446050092977329
0.5529445390391551
0.7181975547149775
0.3612309521996181
0.6600305544759035
0.4555272864039297
0.5903910798831818
0.7127819057830943
0.7019338782177804
0.6658841639583957
0.7613477276122003
0.7449275779251135
0.7276810435750378
0.6921257974054449
0.6538236784001099
0.674934941631947
0.4536828727303821
0.6817901478754822
0.7430119060204223
0.5923810407462986
0.6257335914289859
0.4281797458733748
0.6983848171412318
0.7143904990951067
0.610430769697227
0.4937805865124534
0.5080524762647374
0.5167876861879837
0.6646966890376953
0.5476298676397182
0.6028737584701364
0.5050021922754957
0.6602118288927097
0.5105473998463044
0.5020744618504087
0.5886299500194621
0.6426159445207487
0.7186726405295489
0.5255503420122438
0.6929847925454875
0.6608302982414402
0.6571754179963645
0.7232600248953663
0.5436698590378086
0.678057491928377
0.6288189148483254
0.7398564873636957
0.6540870119304285
0.7418086492538822
0.6000666980263358
0.4347092737667486
0.6478948566544782
0.5097411642119336
0.7229613056027252
0.6914069747509283
0.7821316107167404
0.6712322219380242
0.491832449086271
0.6843733623972884
0.42710550249585877
0.5059947836963161
0.41353439031730066
0.6177521423719703
0.5793145488168427
0.5713904156218813
0.5750282088732812
0.7317749572244154
0.5841016650210726
0.7180864190173476
0.426122829466947
0.564148514424903
0.8040182380254016
0.6300597837493702
0.6922305854845262
0.6416979483852516
0.6328225852938529
0.663094315598036
0.4938719310194235
0.599164628854661
0.6903038086592417
0.6643484124915673
0.6974214636611606
0.7046468144264428
0.7260428903914462
0.6144633650029998
0.746329180529085
0.736306678360114
0.43781939602084274
0.6881707813122266
0.557437690194887
0.49906401059442573
0.687879916244331
0.7467427918817218
0.6428307513771716
0.7790288656174887
0.845243218475905
0.6787094924791505
0.71483947228001
0.8266281806977436
0.3750265663608422
0.7085371115146886
0.6686133679672512
0.6240068986193144
0.6802289551816108
0.5936252340949422
0.7289959540313801
0.6701517673381555
0.8077197284362821
0.7177978209805931
0.7998414453973283
0.6125576673497996
0.7943746320813346
0.7699027213124151
0.7206509061417473
0.3944776980275021
0.5485190705830749
0.6400161493834109
0.7445831869654826
0.815448553740343
0.4836903945652612
0.7205228401850432
0.8160820997765098
0.7298582410199121
0.5291574094831344
0.817086786350256
0.8458543491629095
0.7779375645561047
0.6144222938629018
0.8152114357806729
0.825432677927505
0.7770890391974072
0.8523788416676508
0.5858158332295558
0.6032769177228243
0.7076825469623536
0.6873158823938587
0.5544276597973059
0.5154351802792307
0.2517285243213374
0.5798906508033306
0.474989827134333
0.6272792539344572
0.7019134940696368
0.4587501132120462
0.25727912636748174
0.5176475282398558
0.516575025173519
0.473836233457152
0.38827818185254614
0.5538812605109296
0.8096120834316521
0.7978712651096483
0.6923844563810062
0.684447711472018
0.6827183590486138
0.4079320832570358
0.5748716391329389
0.6702382622013795
0.5814572908347647
0.5197591533034245
0.6705388737713243
0.6509103739857842
0.6486012594411982
0.651794284272178
0.5018736095653102
0.6375510760459069
0.6755369035445559
0.6602960599453246
0.29951459647136347
0.7139610006884278
0.706902081745147
0.6255088027754097
0.40850807891280827
0.5021235601678606
0.6660102711820883
0.7328294388954346
0.7281841881904718
0.6628664878985716
0.643407852543399
0.6637002817195583
0.5960919387298311
0.39334108503540954
0.7066298650349402
0.7291383000146769
0.7168482947209449
0.6267679147214934
0.8073861717915665
0.7845659672911753
0.6456135495075198
0.733957854975521
0.6141788735091307
0.8057815994386506
0.6105494847683894
0.839792509649274
0.6033890224857956
0.6727083366432877
0.7425008191983273
0.5238425910543811
0.605450608563466
0.6246410205301809
0.5056633147602022
0.4839324530676343
0.6592887808682628
0.5815458895528374
0.6818981184811933
0.7678244007359156
0.8537842059215113
0.7441455280896885
0.7056843842575318
0.7885438993960724
0.35477376629171253
0.7562706629263019
0.3056918513654273
0.7080241316055251
0.7032079882494335
0.6411207149885898
0.47240912764117005
0.4949163679067471
0.45853907621096135
0.3435838915492866
0.467294831736507
0.6256314164786813
0.6542330162732035
0.5813863227243501
0.4938376252016231
0.615879153863383
0.7257656633664293
0.7257737861595361
0.7049244634357719
0.6959803766611843
0.7703077075105522
0.7580201343100348
0.7883069699020407
0.5974641666741096
0.7127848376218535
0.6329325600858622
0.5940350960974918
0.7044186111104636
0.8108781182553229
0.7064835036672675
0.7487215285109485
0.5954256304110629
0.5876503683947081
0.6637352867563104
0.6596519018010414
0.5633430978889584
0.5995489161951189
0.7684449806713067
0.24059468223191427
-16.44194138604246
0.7528195684915254
0.6787485565678666
0.4809199619388944
0.7133806221980973
0.7704561552358539
0.400542574906799
0.655663036070764
0.07946775653556604
-0.13735407702175384
-0.3580603255466477
0.3309956320301365
0.23680322565705847
0.6943219589045866
0.43276002894125887
-0.010408257411878896
-0.020129485635194566
0.09182782389371835
-0.3178648074778543
0.3054596876118588
0.14261641865359698
-0.3434991386173043
0.1346854291992181
0.8282292106042968
0.8317879947111664
0.9139270978659062
0.7383069820917318
0.7506311899711358
0.5541683628100301
0.4976753691516058
0.3506751536217806
0.10770839144796118
0.581955077732309
0.47681624899378483
0.6385165360511406
0.14153642360876473
0.5780398220640307
0.5273498928645128
0.4203602025122205
0.6343219513526883
0.7564743614476329
0.5472684525666137
0.721663272829445
0.7176489916700591
0.7680076924579268
0.8002808658846269
0.5911692112490233
0.7356660271643862
0.6599222794905779
0.45187279592789176
0.7456246060789782
0.4543732074112399
0.7623462323728346
0.779102863320827
-0.9101212132923002
0.7380045203011305
0.6857897391320786
0.5647235107950662
0.7322797954214323
0.5447684996526612
0.5276606338301248
0.7821582231814583
-2.96358091055846
0.8123474072541406
0.7642315753968999
-0.11039974320546064
-0.27446292953331697
0.21738582352413194
0.22249803960314618
0.3516183772007886
0.6256653873465424
0.8050625460419106
0.7447148637696235
0.6882350850642038
0.3379137632591437
0.2875378795185498
0.4207441211198598
0.5075906599613977
0.40708154117138595
0.43006385136473324
0.31086849589678867
0.5552354383180816
0.448321686687707
0.3317826842979703
0.6228046081440801
0.2557463591404685
0.5258690052337335
0.3840113100418012
0.5801761512376331
0.5837049100956029
0.03874867875012156
0.6518704276846234
0.5619327815358612
0.5120851401643645
0.5801153269721134
0.7081139217587613
0.46154900120910924
0.1660665656415189
0.20781174971561
0.17129176327686024
0.21093962484217665
0.3822077197602809
0.5504668952266993
0.3075759911002245
0.7053717766942145
0.7012343744351524
0.7000751987944831
0.32546563340524304
0.7105993953344918
0.5813035621619984
0.24313153041162305
0.544137516366562
0.8644283044987557
0.5197866526619885
0.8562702635257586
0.8601107097514258
0.8081104424324745
0.8649674622141834
0.8724453502505086
0.8609043612101085
0.7108816813181097
0.8039390940386546
-8.17233646833411
0.6057046829662569
0.8133386031227289
0.6381163460380482
0.03226019717420603
0.09368247175944999
0.2170273551258417
-1.2568920797442784
0.190753333536281
0.28919522695092936
0.42713725073842657
0.7389826146625661
0.3728153376085691
0.31598190368692103
0.5068812430148713
0.5366400381282866
0.14356460582454678
0.372277224580877
0.7312264396295141
0.7401077337042145
0.7216284630841019
0.7834220029695396
0.6030672019261634
0.827150919431728
0.85909320438022
0.5194490110193705
0.765101607699964
0.8828855759014538
0.7581852695661009
0.5247766499232167
-0.039942635000538296
0.5577624906048687
0.5485366522388189
0.7400931570495258
0.5960255525025611
0.530438224468863
0.7131314696051425
0.7145967620437865
0.8175632272016923
0.6699228983887409
0.7102051992250049
0.8778139069187204
0.6485792247211697
0.7242586932227669
0.6008974181620729
0.625268643927799
0.5041494090941245
0.5982525301862791
0.6413954203807457
0.7393019042021232
0.7210624369397377
0.540364889244114
0.7418939675556453
0.6379111551312246
0.740788099088986
0.6986721172882517
0.6829636564975273
0.8164013193314233
0.7137469673148127
0.8756416623804482
0.8709413590103634
0.7471882386516526
0.6889966372354723
0.5994113704525307
0.6851509459197206
0.6957784683484285
0.5580165258311025
0.45839080592325654
0.6400551487962463
0.7216483339001263
0.745885608931897
0.7906987689064673
0.7639354138312014
0.7612733748309453
0.8113251249841229
0.6891786357906384
0.8247053929030321
0.7871811240259469
0.8047209462766838
0.8154914905116462
0.8516872948880682
0.7198509177823206
0.8265679673495705
0.8404054635363979
0.9014282969137848
0.8222057322305478
0.8411572732637838
0.616043141846941
0.7740869895263542
0.7434916553689379
0.7503734574155501
0.8184424222952105
0.7848170910148969
0.5264370584110409
0.7269880811616792
0.6153010390559119
0.6565953004770488
0.5655138646371378
0.61477367752622
0.7490536249052411
0.442551013671574
0.1442364278017476
0.3324490766456084
0.8194866321527747
0.7994474299293914
0.758270900324223
0.6062395174139683
0.7410810001792846
0.6301485972856264
0.8746994955710552
0.6081464697789629
0.6737815681405448
0.7343181255245476
0.6794942136932951
0.5619999295823808
0.7473929596801917
0.7290992713143734
0.6129306028555256
0.7168744984029534
0.5730948022408249
0.8456096421473298
